%YAML:1.0
matches: [ 2, 24, -1, 34., 13, 91, -1, 33., 19, 31, -1, 35., 21, 1, -1,
    26., 26, 101, -1, 23., 38, 38, -1, 38., 42, 32, -1, 24., 49, 106, -1,
    34., 53, 5, -1, 28., 54, 66, -1, 19., 55, 12, -1, 19., 58, 15, -1,
    21., 60, 13, -1, 40., 70, 46, -1, 24., 72, 73, -1, 25., 75, 10, -1,
    21., 78, 95, -1, 42., 94, 4, -1, 20., 95, 3, -1, 24., 100, 6, -1,
    35., 108, 163, -1, 43., 110, 148, -1, 25., 112, 155, -1, 24., 120,
    143, -1, 18., 123, 160, -1, 18., 141, 213, -1, 32., 145, 120, -1,
    21., 146, 122, -1, 23., 147, 152, -1, 25., 154, 167, -1, 14., 155,
    164, -1, 21., 157, 166, -1, 18., 161, 134, -1, 24., 162, 158, -1,
    13., 165, 154, -1, 27., 166, 146, -1, 36., 168, 187, -1, 19., 177,
    189, -1, 24., 189, 76, -1, 38., 192, 171, -1, 42., 195, 272, -1, 15.,
    198, 193, -1, 22., 214, 247, -1, 18., 216, 210, -1, 25., 218, 225,
    -1, 13., 219, 227, -1, 28., 224, 202, -1, 20., 225, 204, -1, 17.,
    228, 232, -1, 16., 231, 230, -1, 20., 232, 229, -1, 34., 234, 234,
    -1, 10., 236, 235, -1, 25., 238, 220, -1, 32., 242, 306, -1, 19.,
    243, 244, -1, 6., 244, 226, -1, 38., 245, 224, -1, 19., 246, 212, -1,
    18., 253, 245, -1, 27., 256, 252, -1, 39., 264, 246, -1, 17., 265,
    259, -1, 20., 271, 251, -1, 30., 272, 264, -1, 23., 276, 289, -1,
    17., 284, 277, -1, 16., 287, 322, -1, 26., 288, 286, -1, 16., 291,
    284, -1, 17., 297, 293, -1, 25., 299, 285, -1, 16., 300, 300, -1,
    16., 306, 283, -1, 32., 308, 274, -1, 17., 310, 329, -1, 5., 319,
    311, -1, 32., 321, 290, -1, 32., 323, 243, -1, 30., 325, 313, -1,
    15., 328, 299, -1, 31., 329, 314, -1, 23., 331, 307, -1, 26., 337,
    340, -1, 26., 338, 362, -1, 14., 341, 388, -1, 38., 345, 378, -1,
    20., 347, 353, -1, 15., 348, 352, -1, 20., 351, 343, -1, 8., 355,
    377, -1, 20., 363, 373, -1, 38., 364, 357, -1, 11., 365, 358, -1,
    18., 368, 370, -1, 15., 369, 367, -1, 25., 375, 364, -1, 15., 377,
    363, -1, 26., 379, 350, -1, 35., 383, 356, -1, 26., 386, 387, -1,
    30., 387, 382, -1, 25., 388, 325, -1, 51., 389, 414, -1, 17., 393,
    410, -1, 19., 394, 390, -1, 27., 399, 409, -1, 17., 401, 407, -1,
    10., 403, 420, -1, 14., 404, 399, -1, 13., 410, 418, -1, 17., 411,
    429, -1, 16., 412, 417, -1, 24., 413, 397, -1, 13., 417, 413, -1,
    25., 418, 398, -1, 12., 419, 411, -1, 14., 420, 406, -1, 11., 421,
    400, -1, 10., 424, 424, -1, 12., 425, 430, -1, 19., 426, 416, -1,
    21., 427, 423, -1, 20., 428, 431, -1, 8., 432, 412, -1, 2., 433, 467,
    -1, 14., 438, 438, -1, 8., 439, 446, -1, 12., 441, 383, -1, 33., 442,
    452, -1, 15., 447, 441, -1, 33., 448, 463, -1, 13., 449, 442, -1,
    23., 451, 453, -1, 22., 453, 459, -1, 9., 455, 449, -1, 8., 456, 455,
    -1, 8., 458, 435, -1, 12., 464, 461, -1, 12., 465, 464, -1, 33., 466,
    437, -1, 26., 467, 451, -1, 3., 468, 477, -1, 32., 469, 469, -1, 18.,
    470, 475, -1, 23., 472, 478, -1, 20., 473, 479, -1, 20., 474, 480,
    -1, 13., 476, 471, -1, 12., 479, 493, -1, 12., 482, 483, -1, 15.,
    486, 494, -1, 6., 489, 476, -1, 20., 492, 470, -1, 18., 494, 393, -1,
    31., 495, 489, -1, 18. ]
