%YAML:1.0
descriptors: !!opencv-matrix
   rows: 500
   cols: 32
   dt: u
   data: [ 35, 50, 229, 141, 92, 59, 232, 90, 87, 121, 218, 238, 200,
       168, 214, 236, 124, 140, 126, 157, 143, 250, 199, 209, 30, 120,
       235, 230, 255, 141, 88, 149, 191, 123, 115, 69, 119, 218, 251,
       112, 97, 204, 246, 238, 59, 223, 213, 52, 126, 252, 215, 254, 233,
       187, 164, 238, 126, 249, 165, 128, 103, 182, 102, 251, 33, 157,
       15, 154, 221, 221, 167, 235, 222, 77, 206, 14, 242, 240, 42, 100,
       217, 34, 138, 72, 87, 187, 123, 55, 125, 6, 18, 88, 80, 10, 149,
       254, 88, 95, 190, 37, 36, 78, 85, 54, 100, 238, 190, 173, 255, 45,
       131, 3, 134, 116, 237, 110, 205, 184, 241, 40, 226, 231, 112, 144,
       110, 248, 7, 123, 18, 223, 123, 204, 114, 194, 191, 119, 173, 68,
       126, 230, 49, 159, 166, 96, 126, 187, 23, 224, 197, 187, 36, 223,
       50, 172, 170, 130, 109, 130, 39, 253, 208, 202, 142, 181, 40, 138,
       52, 39, 172, 191, 2, 245, 167, 44, 2, 75, 161, 103, 109, 5, 116,
       221, 195, 33, 172, 227, 126, 145, 32, 88, 159, 91, 33, 139, 3,
       207, 20, 135, 99, 53, 70, 1, 75, 70, 242, 192, 180, 100, 88, 42,
       2, 204, 219, 184, 77, 125, 44, 60, 130, 64, 16, 138, 240, 172,
       112, 99, 90, 97, 58, 11, 80, 64, 100, 164, 227, 40, 135, 129, 0,
       80, 122, 188, 78, 96, 72, 178, 65, 28, 212, 224, 32, 49, 96, 138,
       70, 130, 9, 159, 47, 249, 52, 135, 233, 119, 13, 72, 220, 70, 189,
       159, 50, 96, 204, 58, 31, 141, 235, 172, 114, 255, 231, 253, 186,
       200, 30, 136, 49, 249, 8, 205, 7, 171, 87, 195, 167, 229, 142, 80,
       90, 70, 245, 67, 40, 193, 104, 10, 138, 200, 67, 184, 31, 253,
       228, 33, 170, 0, 58, 26, 181, 168, 217, 159, 111, 37, 112, 94,
       123, 51, 52, 109, 126, 245, 157, 62, 146, 112, 54, 135, 221, 173,
       181, 152, 53, 79, 230, 237, 170, 196, 46, 132, 175, 113, 169, 201,
       66, 137, 87, 215, 175, 253, 22, 68, 212, 134, 169, 194, 34, 196,
       120, 168, 130, 204, 71, 187, 116, 223, 117, 193, 142, 65, 55, 30,
       252, 220, 219, 30, 95, 253, 54, 166, 57, 50, 188, 138, 222, 246,
       61, 55, 161, 121, 102, 181, 31, 172, 161, 157, 37, 206, 208, 239,
       250, 128, 44, 224, 33, 57, 219, 241, 111, 165, 38, 94, 93, 189,
       33, 236, 150, 167, 251, 31, 211, 35, 62, 213, 253, 239, 237, 212,
       245, 140, 227, 233, 239, 181, 39, 180, 86, 123, 114, 223, 235,
       252, 118, 194, 111, 245, 180, 204, 222, 231, 113, 239, 183, 96,
       126, 255, 31, 205, 201, 155, 36, 111, 114, 45, 174, 136, 37, 186,
       244, 249, 169, 93, 43, 94, 116, 143, 71, 246, 116, 200, 118, 68,
       51, 149, 177, 52, 76, 106, 22, 78, 233, 190, 48, 47, 99, 189, 32,
       128, 74, 187, 114, 249, 169, 241, 121, 65, 32, 94, 229, 61, 120,
       106, 55, 92, 147, 28, 222, 51, 18, 12, 68, 14, 227, 244, 229, 3,
       103, 233, 52, 52, 105, 128, 194, 249, 51, 93, 123, 238, 54, 135,
       223, 246, 21, 72, 248, 195, 51, 255, 53, 96, 254, 251, 23, 231,
       234, 171, 56, 191, 243, 236, 174, 136, 53, 155, 112, 251, 93, 95,
       255, 165, 174, 11, 63, 190, 94, 234, 154, 239, 223, 116, 243, 99,
       55, 229, 126, 103, 229, 209, 45, 222, 252, 6, 111, 148, 172, 250,
       17, 93, 229, 52, 107, 69, 112, 58, 107, 16, 112, 232, 111, 252,
       83, 116, 149, 48, 22, 228, 116, 110, 177, 150, 245, 14, 86, 45,
       33, 128, 232, 227, 66, 113, 184, 201, 107, 110, 116, 211, 75, 248,
       69, 68, 244, 230, 123, 15, 177, 112, 126, 184, 23, 238, 201, 179,
       36, 189, 242, 233, 160, 128, 119, 155, 116, 248, 81, 35, 135, 167,
       26, 11, 40, 9, 46, 160, 195, 233, 231, 66, 128, 208, 50, 237, 104,
       229, 12, 209, 199, 76, 148, 166, 11, 16, 40, 162, 43, 0, 43, 116,
       231, 159, 108, 123, 160, 92, 94, 251, 211, 114, 248, 184, 148,
       237, 110, 110, 254, 143, 165, 240, 71, 240, 20, 58, 250, 160, 223,
       221, 249, 141, 109, 32, 253, 69, 241, 123, 99, 128, 107, 228, 39,
       8, 83, 80, 79, 58, 51, 196, 72, 122, 20, 244, 189, 0, 207, 217, 5,
       117, 225, 243, 70, 102, 108, 162, 244, 87, 237, 61, 100, 154, 235,
       59, 188, 88, 203, 121, 93, 254, 137, 198, 110, 10, 138, 98, 251,
       243, 23, 254, 85, 63, 195, 243, 70, 36, 120, 237, 187, 252, 91,
       192, 85, 103, 179, 21, 236, 25, 63, 183, 32, 18, 165, 187, 237,
       128, 90, 75, 162, 115, 243, 247, 20, 59, 98, 64, 166, 106, 198,
       252, 189, 83, 234, 236, 185, 146, 186, 223, 5, 24, 244, 247, 73,
       43, 135, 115, 115, 18, 51, 76, 186, 99, 77, 18, 125, 236, 128, 81,
       135, 243, 152, 200, 39, 191, 45, 203, 213, 248, 212, 246, 150, 50,
       255, 221, 51, 35, 42, 96, 127, 107, 232, 229, 111, 191, 241, 195,
       97, 17, 118, 188, 21, 107, 223, 80, 238, 227, 166, 54, 249, 80,
       109, 123, 247, 247, 89, 95, 255, 123, 126, 133, 191, 254, 189,
       244, 109, 192, 214, 251, 234, 196, 175, 159, 121, 83, 44, 241, 56,
       98, 249, 201, 83, 201, 131, 61, 181, 41, 18, 221, 74, 16, 153, 24,
       196, 112, 26, 35, 234, 20, 91, 213, 37, 127, 210, 10, 198, 227,
       154, 231, 110, 191, 250, 146, 191, 253, 182, 188, 222, 167, 233,
       238, 191, 65, 127, 239, 255, 245, 254, 219, 207, 255, 254, 99,
       191, 205, 189, 214, 185, 221, 89, 95, 63, 78, 40, 94, 87, 188,
       224, 74, 238, 108, 114, 247, 130, 115, 132, 228, 108, 106, 201,
       75, 179, 45, 243, 235, 96, 24, 74, 242, 194, 121, 92, 121, 151,
       100, 43, 78, 113, 148, 233, 172, 38, 8, 31, 55, 65, 59, 34, 244,
       108, 122, 65, 65, 179, 8, 219, 233, 101, 16, 226, 241, 70, 51,
       213, 182, 157, 44, 40, 46, 80, 26, 122, 187, 187, 120, 215, 122,
       72, 59, 149, 85, 108, 48, 189, 69, 195, 18, 217, 235, 107, 252,
       200, 97, 3, 3, 205, 68, 135, 181, 173, 110, 109, 18, 189, 223,
       214, 21, 223, 179, 115, 79, 195, 198, 127, 15, 41, 213, 211, 194,
       215, 247, 254, 128, 174, 253, 49, 99, 128, 207, 91, 223, 84, 193,
       238, 247, 220, 66, 248, 70, 185, 203, 180, 64, 106, 171, 6, 200,
       227, 186, 22, 255, 118, 191, 186, 8, 63, 152, 249, 152, 92, 54,
       218, 103, 98, 42, 123, 24, 33, 174, 63, 173, 95, 103, 203, 26, 54,
       213, 237, 42, 0, 240, 137, 74, 214, 245, 33, 133, 226, 243, 15,
       19, 218, 43, 142, 153, 203, 23, 184, 94, 190, 189, 215, 215, 136,
       174, 242, 203, 238, 143, 239, 133, 180, 219, 203, 208, 158, 35,
       251, 205, 149, 5, 189, 220, 64, 62, 30, 181, 48, 175, 121, 51, 60,
       45, 114, 125, 191, 51, 2, 17, 134, 39, 127, 5, 48, 252, 65, 77,
       196, 187, 58, 144, 72, 128, 3, 11, 232, 188, 188, 48, 121, 237,
       17, 75, 187, 127, 164, 61, 46, 189, 66, 26, 141, 187, 239, 17, 54,
       111, 210, 23, 219, 215, 17, 123, 218, 12, 78, 219, 207, 166, 197,
       209, 241, 60, 105, 159, 59, 127, 47, 149, 141, 39, 202, 223, 245,
       207, 125, 156, 51, 88, 249, 194, 207, 255, 223, 196, 130, 197,
       227, 112, 88, 173, 187, 252, 235, 200, 85, 103, 179, 23, 172, 56,
       63, 247, 64, 18, 129, 247, 237, 0, 90, 75, 162, 67, 251, 247, 84,
       59, 162, 64, 167, 43, 35, 161, 68, 141, 108, 27, 168, 105, 95,
       112, 211, 207, 217, 168, 182, 225, 122, 141, 126, 173, 133, 242,
       207, 221, 20, 58, 235, 164, 93, 174, 120, 149, 66, 249, 173, 151,
       171, 204, 61, 167, 170, 125, 14, 173, 172, 183, 70, 87, 167, 115,
       249, 197, 86, 73, 186, 241, 237, 18, 95, 251, 128, 84, 133, 127,
       2, 148, 58, 152, 83, 209, 184, 71, 158, 5, 88, 179, 172, 158, 38,
       64, 235, 59, 147, 145, 54, 157, 2, 215, 45, 23, 154, 195, 148, 12,
       173, 223, 3, 187, 51, 219, 252, 165, 184, 71, 158, 25, 88, 114,
       188, 218, 236, 32, 207, 59, 55, 145, 146, 88, 66, 245, 45, 28,
       190, 234, 144, 8, 161, 171, 185, 89, 107, 108, 118, 135, 239, 244,
       68, 72, 246, 230, 115, 221, 177, 96, 126, 232, 22, 238, 201, 179,
       36, 45, 114, 169, 160, 128, 125, 187, 114, 249, 247, 116, 151,
       190, 41, 61, 92, 88, 185, 250, 177, 93, 206, 206, 73, 155, 149,
       133, 253, 39, 109, 71, 218, 208, 145, 210, 75, 190, 10, 119, 43,
