%YAML:1.0
cameraMatrix: !!opencv-matrix
   rows: 3
   cols: 3
   dt: d
   data: [ 1.2571849082973597e+03, 0., 6.2810023880994879e+02, 0.,
       1.2561398522938134e+03, 4.9674395571560569e+02, 0., 0., 1. ]
distCoeffs: !!opencv-matrix
   rows: 1
   cols: 5
   dt: d
   data: [ 2.1233597831298417e-01, -1.2268800730608302e+00,
       -3.4972509068716632e-03, 3.4237055908305225e-03,
       1.6185941604988010e+00 ]
